Voici ci-dessous l exemple de Hilbert:
Veuillez saisir le nombre d inconnu et d equation connue :
5
Voici votre matrice initialisee :
   x1                     x2              x3              x4              x5              ╬╗
1 1.0000000000000000 0.5000000000000000 0.3333333333333333 0.2500000000000000 0.2000000000000000 2.2833333333333332
2 0.5000000000000000 0.3333333333333333 0.2500000000000000 0.2000000000000000 0.1666666666666667 1.4500000000000000
3 0.3333333333333333 0.2500000000000000 0.2000000000000000 0.1666666666666667 0.1428571428571429 1.0928571428571427
4 0.2500000000000000 0.2000000000000000 0.1666666666666667 0.1428571428571429 0.1250000000000000 0.8845238095238095
5 0.2000000000000000 0.1666666666666667 0.1428571428571429 0.1250000000000000 0.1111111111111111 0.7456349206349207

1e etape :
   x1                     x2              x3              x4              x5              ╬╗
1 1.0000000000000000 0.5000000000000000 0.3333333333333333 0.2500000000000000 0.2000000000000000 2.2833333333333332
2 0.0000000000000000 0.0833333333333333 0.0833333333333333 0.0750000000000000 0.0666666666666667 0.3083333333333334
3 0.3333333333333333 0.2500000000000000 0.2000000000000000 0.1666666666666667 0.1428571428571429 1.0928571428571427
4 0.2500000000000000 0.2000000000000000 0.1666666666666667 0.1428571428571429 0.1250000000000000 0.8845238095238095
5 0.2000000000000000 0.1666666666666667 0.1428571428571429 0.1250000000000000 0.1111111111111111 0.7456349206349207

2e etape :
   x1                     x2              x3              x4              x5              ╬╗
1 1.0000000000000000 0.5000000000000000 0.3333333333333333 0.2500000000000000 0.2000000000000000 2.2833333333333332
2 0.0000000000000000 0.0833333333333333 0.0833333333333333 0.0750000000000000 0.0666666666666667 0.3083333333333334
3 0.0000000000000000 0.0833333333333333 0.0888888888888889 0.0833333333333333 0.0761904761904762 0.3317460317460317
4 0.2500000000000000 0.2000000000000000 0.1666666666666667 0.1428571428571429 0.1250000000000000 0.8845238095238095
5 0.2000000000000000 0.1666666666666667 0.1428571428571429 0.1250000000000000 0.1111111111111111 0.7456349206349207

3e etape :
   x1                     x2              x3              x4              x5              ╬╗
1 1.0000000000000000 0.5000000000000000 0.3333333333333333 0.2500000000000000 0.2000000000000000 2.2833333333333332
2 0.0000000000000000 0.0833333333333333 0.0833333333333333 0.0750000000000000 0.0666666666666667 0.3083333333333334
3 0.0000000000000000 0.0833333333333333 0.0888888888888889 0.0833333333333333 0.0761904761904762 0.3317460317460317
4 0.0000000000000000 0.0750000000000000 0.0833333333333333 0.0803571428571428 0.0750000000000000 0.3136904761904762
5 0.2000000000000000 0.1666666666666667 0.1428571428571429 0.1250000000000000 0.1111111111111111 0.7456349206349207

4e etape :
   x1                     x2              x3              x4              x5              ╬╗
1 1.0000000000000000 0.5000000000000000 0.3333333333333333 0.2500000000000000 0.2000000000000000 2.2833333333333332
2 0.0000000000000000 0.0833333333333333 0.0833333333333333 0.0750000000000000 0.0666666666666667 0.3083333333333334
3 0.0000000000000000 0.0833333333333333 0.0888888888888889 0.0833333333333333 0.0761904761904762 0.3317460317460317
4 0.0000000000000000 0.0750000000000000 0.0833333333333333 0.0803571428571428 0.0750000000000000 0.3136904761904762
5 0.0000000000000000 0.0666666666666667 0.0761904761904762 0.0750000000000000 0.0711111111111111 0.2889682539682540

5e etape :
   x1                     x2              x3              x4              x5              ╬╗
1 1.0000000000000000 0.5000000000000000 0.3333333333333333 0.2500000000000000 0.2000000000000000 2.2833333333333332
2 0.0000000000000000 0.0833333333333333 0.0888888888888889 0.0833333333333333 0.0761904761904762 0.3317460317460317
3 0.0000000000000000 0.0000000000000000 -0.0055555555555555 -0.0083333333333333 -0.0095238095238095 -0.0234126984126983
4 0.0000000000000000 0.0750000000000000 0.0833333333333333 0.0803571428571428 0.0750000000000000 0.3136904761904762
5 0.0000000000000000 0.0666666666666667 0.0761904761904762 0.0750000000000000 0.0711111111111111 0.2889682539682540

6e etape :
   x1                     x2              x3              x4              x5              ╬╗
1 1.0000000000000000 0.5000000000000000 0.3333333333333333 0.2500000000000000 0.2000000000000000 2.2833333333333332
2 0.0000000000000000 0.0833333333333333 0.0888888888888889 0.0833333333333333 0.0761904761904762 0.3317460317460317
3 0.0000000000000000 0.0000000000000000 -0.0055555555555555 -0.0083333333333333 -0.0095238095238095 -0.0234126984126983
4 0.0000000000000000 0.0000000000000000 0.0033333333333333 0.0053571428571429 0.0064285714285714 0.0151190476190476
5 0.0000000000000000 0.0666666666666667 0.0761904761904762 0.0750000000000000 0.0711111111111111 0.2889682539682540

7e etape :
   x1                     x2              x3              x4              x5              ╬╗
1 1.0000000000000000 0.5000000000000000 0.3333333333333333 0.2500000000000000 0.2000000000000000 2.2833333333333332
2 0.0000000000000000 0.0833333333333333 0.0888888888888889 0.0833333333333333 0.0761904761904762 0.3317460317460317
3 0.0000000000000000 0.0000000000000000 -0.0055555555555555 -0.0083333333333333 -0.0095238095238095 -0.0234126984126983
4 0.0000000000000000 0.0000000000000000 0.0033333333333333 0.0053571428571429 0.0064285714285714 0.0151190476190476
5 0.0000000000000000 0.0000000000000000 0.0050793650793651 0.0083333333333334 0.0101587301587302 0.0235714285714287

8e etape :
   x1                     x2              x3              x4              x5              ╬╗
1 1.0000000000000000 0.5000000000000000 0.3333333333333333 0.2500000000000000 0.2000000000000000 2.2833333333333332
2 0.0000000000000000 0.0833333333333333 0.0888888888888889 0.0833333333333333 0.0761904761904762 0.3317460317460317
3 0.0000000000000000 0.0000000000000000 -0.0055555555555555 -0.0083333333333333 -0.0095238095238095 -0.0234126984126983
4 0.0000000000000000 0.0000000000000000 -0.0000000000000000 0.0003571428571429 0.0007142857142857 0.0010714285714287
5 0.0000000000000000 0.0000000000000000 0.0050793650793651 0.0083333333333334 0.0101587301587302 0.0235714285714287

9e etape :
   x1                     x2              x3              x4              x5              ╬╗
1 1.0000000000000000 0.5000000000000000 0.3333333333333333 0.2500000000000000 0.2000000000000000 2.2833333333333332
2 0.0000000000000000 0.0833333333333333 0.0888888888888889 0.0833333333333333 0.0761904761904762 0.3317460317460317
3 0.0000000000000000 0.0000000000000000 -0.0055555555555555 -0.0083333333333333 -0.0095238095238095 -0.0234126984126983
4 0.0000000000000000 0.0000000000000000 -0.0000000000000000 0.0003571428571429 0.0007142857142857 0.0010714285714287
5 0.0000000000000000 0.0000000000000000 -0.0000000000000000 0.0007142857142857 0.0014512471655329 0.0021655328798187

10e etape :
   x1                     x2              x3              x4              x5              ╬╗
1 1.0000000000000000 0.5000000000000000 0.3333333333333333 0.2500000000000000 0.2000000000000000 2.2833333333333332
2 0.0000000000000000 0.0833333333333333 0.0888888888888889 0.0833333333333333 0.0761904761904762 0.3317460317460317
3 0.0000000000000000 0.0000000000000000 -0.0055555555555555 -0.0083333333333333 -0.0095238095238095 -0.0234126984126983
4 0.0000000000000000 0.0000000000000000 -0.0000000000000000 0.0007142857142857 0.0014512471655329 0.0021655328798187
5 0.0000000000000000 0.0000000000000000 0.0000000000000000 0.0000000000000000 -0.0000113378684807 -0.0000113378684807

Les reponses sont:
x1 = 0.9999999999999967 x2 = 0.9999999999999690 x3 = 1.0000000000003768 x4 = 0.9999999999991757 x5 = 1.0000000000004956


Les mineurs principaux sont:
m1 = 1.0000000000000000 m2 = 0.0833333333333333 m3 = -0.0055555555555555        m4 = 0.0007142857142857 m5 = -0.0000113378684807
