Voici ci-dessous l exemple de Hilbert:
Veuillez saisir le nombre d inconnu et d equation connue :
6
Voici votre matrice initialisee :
   x1                     x2              x3              x4              x5              x6              ╬╗
1 1.0000000000000000 0.5000000000000000 0.3333333333333333 0.2500000000000000 0.2000000000000000 0.1666666666666667 2.4499999999999997
2 0.5000000000000000 0.3333333333333333 0.2500000000000000 0.2000000000000000 0.1666666666666667 0.1428571428571429 1.5928571428571427
3 0.3333333333333333 0.2500000000000000 0.2000000000000000 0.1666666666666667 0.1428571428571429 0.1250000000000000 1.2178571428571427
4 0.2500000000000000 0.2000000000000000 0.1666666666666667 0.1428571428571429 0.1250000000000000 0.1111111111111111 0.9956349206349207
5 0.2000000000000000 0.1666666666666667 0.1428571428571429 0.1250000000000000 0.1111111111111111 0.1000000000000000 0.8456349206349206
6 0.1666666666666667 0.1428571428571429 0.1250000000000000 0.1111111111111111 0.1000000000000000 0.0909090909090909 0.7365440115440116

1e etape :
   x1                     x2              x3              x4              x5              x6              ╬╗
1 1.0000000000000000 0.5000000000000000 0.3333333333333333 0.2500000000000000 0.2000000000000000 0.1666666666666667 2.4499999999999997
2 0.0000000000000000 0.0833333333333333 0.0833333333333333 0.0750000000000000 0.0666666666666667 0.0595238095238095 0.3678571428571429
3 0.3333333333333333 0.2500000000000000 0.2000000000000000 0.1666666666666667 0.1428571428571429 0.1250000000000000 1.2178571428571427
4 0.2500000000000000 0.2000000000000000 0.1666666666666667 0.1428571428571429 0.1250000000000000 0.1111111111111111 0.9956349206349207
5 0.2000000000000000 0.1666666666666667 0.1428571428571429 0.1250000000000000 0.1111111111111111 0.1000000000000000 0.8456349206349206
6 0.1666666666666667 0.1428571428571429 0.1250000000000000 0.1111111111111111 0.1000000000000000 0.0909090909090909 0.7365440115440116

2e etape :
   x1                     x2              x3              x4              x5              x6              ╬╗
1 1.0000000000000000 0.5000000000000000 0.3333333333333333 0.2500000000000000 0.2000000000000000 0.1666666666666667 2.4499999999999997
2 0.0000000000000000 0.0833333333333333 0.0833333333333333 0.0750000000000000 0.0666666666666667 0.0595238095238095 0.3678571428571429
3 0.0000000000000000 0.0833333333333333 0.0888888888888889 0.0833333333333333 0.0761904761904762 0.0694444444444444 0.4011904761904762
4 0.2500000000000000 0.2000000000000000 0.1666666666666667 0.1428571428571429 0.1250000000000000 0.1111111111111111 0.9956349206349207
5 0.2000000000000000 0.1666666666666667 0.1428571428571429 0.1250000000000000 0.1111111111111111 0.1000000000000000 0.8456349206349206
6 0.1666666666666667 0.1428571428571429 0.1250000000000000 0.1111111111111111 0.1000000000000000 0.0909090909090909 0.7365440115440116

3e etape :
   x1                     x2              x3              x4              x5              x6              ╬╗
1 1.0000000000000000 0.5000000000000000 0.3333333333333333 0.2500000000000000 0.2000000000000000 0.1666666666666667 2.4499999999999997
2 0.0000000000000000 0.0833333333333333 0.0833333333333333 0.0750000000000000 0.0666666666666667 0.0595238095238095 0.3678571428571429
3 0.0000000000000000 0.0833333333333333 0.0888888888888889 0.0833333333333333 0.0761904761904762 0.0694444444444444 0.4011904761904762
4 0.0000000000000000 0.0750000000000000 0.0833333333333333 0.0803571428571428 0.0750000000000000 0.0694444444444444 0.3831349206349207
5 0.2000000000000000 0.1666666666666667 0.1428571428571429 0.1250000000000000 0.1111111111111111 0.1000000000000000 0.8456349206349206
6 0.1666666666666667 0.1428571428571429 0.1250000000000000 0.1111111111111111 0.1000000000000000 0.0909090909090909 0.7365440115440116

4e etape :
   x1                     x2              x3              x4              x5              x6              ╬╗
1 1.0000000000000000 0.5000000000000000 0.3333333333333333 0.2500000000000000 0.2000000000000000 0.1666666666666667 2.4499999999999997
2 0.0000000000000000 0.0833333333333333 0.0833333333333333 0.0750000000000000 0.0666666666666667 0.0595238095238095 0.3678571428571429
3 0.0000000000000000 0.0833333333333333 0.0888888888888889 0.0833333333333333 0.0761904761904762 0.0694444444444444 0.4011904761904762
4 0.0000000000000000 0.0750000000000000 0.0833333333333333 0.0803571428571428 0.0750000000000000 0.0694444444444444 0.3831349206349207
5 0.0000000000000000 0.0666666666666667 0.0761904761904762 0.0750000000000000 0.0711111111111111 0.0666666666666667 0.3556349206349206
6 0.1666666666666667 0.1428571428571429 0.1250000000000000 0.1111111111111111 0.1000000000000000 0.0909090909090909 0.7365440115440116

5e etape :
   x1                     x2              x3              x4              x5              x6              ╬╗
1 1.0000000000000000 0.5000000000000000 0.3333333333333333 0.2500000000000000 0.2000000000000000 0.1666666666666667 2.4499999999999997
2 0.0000000000000000 0.0833333333333333 0.0833333333333333 0.0750000000000000 0.0666666666666667 0.0595238095238095 0.3678571428571429
3 0.0000000000000000 0.0833333333333333 0.0888888888888889 0.0833333333333333 0.0761904761904762 0.0694444444444444 0.4011904761904762
4 0.0000000000000000 0.0750000000000000 0.0833333333333333 0.0803571428571428 0.0750000000000000 0.0694444444444444 0.3831349206349207
5 0.0000000000000000 0.0666666666666667 0.0761904761904762 0.0750000000000000 0.0711111111111111 0.0666666666666667 0.3556349206349206
6 0.0000000000000000 0.0595238095238095 0.0694444444444444 0.0694444444444444 0.0666666666666667 0.0631313131313131 0.3282106782106783

6e etape :
   x1                     x2              x3              x4              x5              x6              ╬╗
1 1.0000000000000000 0.5000000000000000 0.3333333333333333 0.2500000000000000 0.2000000000000000 0.1666666666666667 2.4499999999999997
2 0.0000000000000000 0.0833333333333333 0.0888888888888889 0.0833333333333333 0.0761904761904762 0.0694444444444444 0.4011904761904762
3 0.0000000000000000 0.0000000000000000 -0.0055555555555555 -0.0083333333333333 -0.0095238095238095 -0.0099206349206349 -0.0333333333333332
4 0.0000000000000000 0.0750000000000000 0.0833333333333333 0.0803571428571428 0.0750000000000000 0.0694444444444444 0.3831349206349207
5 0.0000000000000000 0.0666666666666667 0.0761904761904762 0.0750000000000000 0.0711111111111111 0.0666666666666667 0.3556349206349206
6 0.0000000000000000 0.0595238095238095 0.0694444444444444 0.0694444444444444 0.0666666666666667 0.0631313131313131 0.3282106782106783

7e etape :
   x1                     x2              x3              x4              x5              x6              ╬╗
1 1.0000000000000000 0.5000000000000000 0.3333333333333333 0.2500000000000000 0.2000000000000000 0.1666666666666667 2.4499999999999997
2 0.0000000000000000 0.0833333333333333 0.0888888888888889 0.0833333333333333 0.0761904761904762 0.0694444444444444 0.4011904761904762
3 0.0000000000000000 0.0000000000000000 -0.0055555555555555 -0.0083333333333333 -0.0095238095238095 -0.0099206349206349 -0.0333333333333332
4 0.0000000000000000 0.0000000000000000 0.0033333333333333 0.0053571428571429 0.0064285714285714 0.0069444444444444 0.0220634920634921
5 0.0000000000000000 0.0666666666666667 0.0761904761904762 0.0750000000000000 0.0711111111111111 0.0666666666666667 0.3556349206349206
6 0.0000000000000000 0.0595238095238095 0.0694444444444444 0.0694444444444444 0.0666666666666667 0.0631313131313131 0.3282106782106783

8e etape :
   x1                     x2              x3              x4              x5              x6              ╬╗
1 1.0000000000000000 0.5000000000000000 0.3333333333333333 0.2500000000000000 0.2000000000000000 0.1666666666666667 2.4499999999999997
2 0.0000000000000000 0.0833333333333333 0.0888888888888889 0.0833333333333333 0.0761904761904762 0.0694444444444444 0.4011904761904762
3 0.0000000000000000 0.0000000000000000 -0.0055555555555555 -0.0083333333333333 -0.0095238095238095 -0.0099206349206349 -0.0333333333333332
4 0.0000000000000000 0.0000000000000000 0.0033333333333333 0.0053571428571429 0.0064285714285714 0.0069444444444444 0.0220634920634921
5 0.0000000000000000 0.0000000000000000 0.0050793650793651 0.0083333333333334 0.0101587301587302 0.0111111111111111 0.0346825396825398
6 0.0000000000000000 0.0595238095238095 0.0694444444444444 0.0694444444444444 0.0666666666666667 0.0631313131313131 0.3282106782106783

9e etape :
   x1                     x2              x3              x4              x5              x6              ╬╗
1 1.0000000000000000 0.5000000000000000 0.3333333333333333 0.2500000000000000 0.2000000000000000 0.1666666666666667 2.4499999999999997
2 0.0000000000000000 0.0833333333333333 0.0888888888888889 0.0833333333333333 0.0761904761904762 0.0694444444444444 0.4011904761904762
3 0.0000000000000000 0.0000000000000000 -0.0055555555555555 -0.0083333333333333 -0.0095238095238095 -0.0099206349206349 -0.0333333333333332
4 0.0000000000000000 0.0000000000000000 0.0033333333333333 0.0053571428571429 0.0064285714285714 0.0069444444444444 0.0220634920634921
5 0.0000000000000000 0.0000000000000000 0.0050793650793651 0.0083333333333334 0.0101587301587302 0.0111111111111111 0.0346825396825398
6 0.0000000000000000 -0.0000000000000000 0.0059523809523810 0.0099206349206349 0.0122448979591837 0.0135281385281385 0.0416460523603382

10e etape :
   x1                     x2              x3              x4              x5              x6              ╬╗
1 1.0000000000000000 0.5000000000000000 0.3333333333333333 0.2500000000000000 0.2000000000000000 0.1666666666666667 2.4499999999999997
2 0.0000000000000000 0.0833333333333333 0.0888888888888889 0.0833333333333333 0.0761904761904762 0.0694444444444444 0.4011904761904762
3 0.0000000000000000 -0.0000000000000000 0.0059523809523810 0.0099206349206349 0.0122448979591837 0.0135281385281385 0.0416460523603382
4 0.0000000000000000 0.0000000000000000 -0.0000000000000000 -0.0001984126984127 -0.0004285714285714 -0.0006313131313131 -0.0012582972582971
5 0.0000000000000000 0.0000000000000000 0.0050793650793651 0.0083333333333334 0.0101587301587302 0.0111111111111111 0.0346825396825398
6 0.0000000000000000 0.0000000000000000 -0.0055555555555555 -0.0083333333333333 -0.0095238095238095 -0.0099206349206349 -0.0333333333333332

11e etape :
   x1                     x2              x3              x4              x5              x6              ╬╗
1 1.0000000000000000 0.5000000000000000 0.3333333333333333 0.2500000000000000 0.2000000000000000 0.1666666666666667 2.4499999999999997
2 0.0000000000000000 0.0833333333333333 0.0888888888888889 0.0833333333333333 0.0761904761904762 0.0694444444444444 0.4011904761904762
3 0.0000000000000000 -0.0000000000000000 0.0059523809523810 0.0099206349206349 0.0122448979591837 0.0135281385281385 0.0416460523603382
4 0.0000000000000000 0.0000000000000000 -0.0000000000000000 -0.0001984126984127 -0.0004285714285714 -0.0006313131313131 -0.0012582972582971
5 0.0000000000000000 0.0000000000000000 -0.0000000000000000 -0.0001322751322751 -0.0002902494331066 -0.0004329004329004 -0.0008554249982822
6 0.0000000000000000 0.0000000000000000 -0.0055555555555555 -0.0083333333333333 -0.0095238095238095 -0.0099206349206349 -0.0333333333333332

12e etape :
   x1                     x2              x3              x4              x5              x6              ╬╗
1 1.0000000000000000 0.5000000000000000 0.3333333333333333 0.2500000000000000 0.2000000000000000 0.1666666666666667 2.4499999999999997
2 0.0000000000000000 0.0833333333333333 0.0888888888888889 0.0833333333333333 0.0761904761904762 0.0694444444444444 0.4011904761904762
3 0.0000000000000000 -0.0000000000000000 0.0059523809523810 0.0099206349206349 0.0122448979591837 0.0135281385281385 0.0416460523603382
4 0.0000000000000000 0.0000000000000000 -0.0000000000000000 -0.0001984126984127 -0.0004285714285714 -0.0006313131313131 -0.0012582972582971
5 0.0000000000000000 0.0000000000000000 -0.0000000000000000 -0.0001322751322751 -0.0002902494331066 -0.0004329004329004 -0.0008554249982822
6 0.0000000000000000 -0.0000000000000000 -0.0000000000000000 0.0009259259259259 0.0019047619047619 0.0027056277056277 0.0055363155363157

13e etape :
   x1                     x2              x3              x4              x5              x6              ╬╗
1 1.0000000000000000 0.5000000000000000 0.3333333333333333 0.2500000000000000 0.2000000000000000 0.1666666666666667 2.4499999999999997
2 0.0000000000000000 0.0833333333333333 0.0888888888888889 0.0833333333333333 0.0761904761904762 0.0694444444444444 0.4011904761904762
3 0.0000000000000000 -0.0000000000000000 0.0059523809523810 0.0099206349206349 0.0122448979591837 0.0135281385281385 0.0416460523603382
4 0.0000000000000000 -0.0000000000000000 -0.0000000000000000 0.0009259259259259 0.0019047619047619 0.0027056277056277 0.0055363155363157
5 0.0000000000000000 0.0000000000000000 -0.0000000000000000 0.0000000000000000 -0.0000181405895692 -0.0000463821892394 -0.0000645227788086
6 0.0000000000000000 0.0000000000000000 -0.0000000000000000 -0.0001984126984127 -0.0004285714285714 -0.0006313131313131 -0.0012582972582971

14e etape :
   x1                     x2              x3              x4              x5              x6              ╬╗
1 1.0000000000000000 0.5000000000000000 0.3333333333333333 0.2500000000000000 0.2000000000000000 0.1666666666666667 2.4499999999999997
2 0.0000000000000000 0.0833333333333333 0.0888888888888889 0.0833333333333333 0.0761904761904762 0.0694444444444444 0.4011904761904762
3 0.0000000000000000 -0.0000000000000000 0.0059523809523810 0.0099206349206349 0.0122448979591837 0.0135281385281385 0.0416460523603382
4 0.0000000000000000 -0.0000000000000000 -0.0000000000000000 0.0009259259259259 0.0019047619047619 0.0027056277056277 0.0055363155363157
5 0.0000000000000000 0.0000000000000000 -0.0000000000000000 0.0000000000000000 -0.0000181405895692 -0.0000463821892394 -0.0000645227788086
6 0.0000000000000000 0.0000000000000000 -0.0000000000000000 0.0000000000000000 -0.0000204081632653 -0.0000515357658215 -0.0000719439290868

15e etape :
   x1                     x2              x3              x4              x5              x6              ╬╗
1 1.0000000000000000 0.5000000000000000 0.3333333333333333 0.2500000000000000 0.2000000000000000 0.1666666666666667 2.4499999999999997
2 0.0000000000000000 0.0833333333333333 0.0888888888888889 0.0833333333333333 0.0761904761904762 0.0694444444444444 0.4011904761904762
3 0.0000000000000000 -0.0000000000000000 0.0059523809523810 0.0099206349206349 0.0122448979591837 0.0135281385281385 0.0416460523603382
4 0.0000000000000000 -0.0000000000000000 -0.0000000000000000 0.0009259259259259 0.0019047619047619 0.0027056277056277 0.0055363155363157
5 0.0000000000000000 0.0000000000000000 -0.0000000000000000 0.0000000000000000 -0.0000204081632653 -0.0000515357658215 -0.0000719439290868
6 0.0000000000000000 0.0000000000000000 0.0000000000000000 -0.0000000000000000 0.0000000000000000 -0.0000005726196202 -0.0000005726196203

Les reponses sont:
x1 = 0.9999999999993159 x2 = 1.0000000000193250 x3 = 0.9999999998699707 x4 = 1.0000000003370750 x5 = 0.9999999996287723
        x6 = 1.0000000001460478

Les mineurs principaux sont:
m1 = 1.0000000000000000 m2 = 0.0833333333333333 m3 = 0.0059523809523810 m4 = 0.0009259259259259 m5 = -0.0000204081632653        m6 = -0.0000005726196202